Hallway tag5124 318.9746 659.32056 344.47266 659.32056 344.47266 721.8107 293.39844 721.8844 293.39844 718.11084 289.64844 718.11084 289.64844 665.8113 293.39844 665.8113 293.39844 659.32056 318.9746 659.32056 
Hallway tag5149 317.0996 621.6584 344.47266 621.6584 344.47266 657.8121 289.64844 657.8121 289.64844 621.6584 317.0996 621.6584 
Hallway tag5174 317.0996 584.0749 344.47266 584.0749 344.47266 620.07623 289.64844 620.07623 289.64844 605.58624 293.39844 605.58624 293.39844 598.6435 289.64844 598.6435 289.64844 584.0749 317.0996 584.0749 
Hallway tag5200 317.0996 546.33905 344.47266 546.33905 344.47266 582.49274 289.64844 582.49274 289.64844 546.33905 317.0996 546.33905 
Hallway tag5230 318.9746 482.26178 344.47266 482.26178 344.47266 544.7569 293.39844 544.7569 293.39844 538.3398 289.64844 538.3398 289.64844 486.18768 293.39844 486.18768 293.39844 482.26178 318.9746 482.26178 
Hallway tag5313 353.70117 484.45322 353.70117 486.63974 359.32617 486.63974 359.32617 482.26178 391.80176 482.26178 391.80176 538.6395 421.34766 538.6395 421.34766 543.9265 425.24902 543.9265 425.24902 598.6435 420.37598 598.6435 420.37598 605.58624 425.24902 605.58624 425.24902 659.9249 421.34766 659.9249 421.34766 665.35925 374.47266 665.35925 374.47266 721.8107 358.9502 721.8107 358.9502 717.4328 353.99902 717.4328 353.99902 721.8107 346.0498 721.8107 346.49902 482.26178 353.70117 482.26178 353.70117 484.45322 
Hallway tag5340 400.4248 666.9414 424.95117 666.9414 424.95117 718.11084 420.37598 718.11084 420.37598 721.8844 375.97656 721.8844 375.97656 666.9414 400.4248 666.9414 
Hallway tag5370 456.74805 666.9414 486.97266 666.9414 486.97266 721.8844 427.2754 721.8844 427.2754 718.11084 426.52344 718.11084 426.52344 666.9414 456.74805 666.9414 
Hallway tag5400 520.5762 666.9414 552.4512 666.9414 552.4512 721.8844 494.62402 721.8844 494.62402 718.11084 488.5498 718.11084 488.5498 666.9414 520.5762 666.9414 
Hallway tag5425 571.94824 666.9414 589.9512 666.9414 589.7998 721.8844 561.97266 721.8844 561.97266 718.11084 554.02344 718.11084 554.02344 666.9414 571.94824 666.9414 
Hallway tag5452 609.5996 666.9414 627.749 666.9414 627.749 718.11084 622.5 718.11084 622.5 721.8844 591.52344 721.8844 591.52344 666.9414 609.5996 666.9414 
Hallway tag5478 663.59863 666.9414 682.5 666.9414 682.5 721.8844 644.624 721.8844 644.624 666.9414 663.59863 666.9414 
Hallway tag5506 713.02734 666.9414 741.8994 666.9414 741.8994 721.8844 696.6748 721.8844 696.6748 718.11084 689.84863 718.11084 689.84863 721.8844 684.07715 721.8844 684.07715 666.9414 713.02734 666.9414 
Hallway tag5533 777.0752 666.9414 795.4492 666.9414 795.4492 721.8844 764.02344 721.8844 764.02344 718.11084 758.7744 718.11084 758.7744 666.9414 777.0752 666.9414 
Hallway tag5559 820.49805 666.9414 844.04785 666.9414 844.04785 721.8844 831.37695 721.8844 831.37695 718.11084 824.5508 718.11084 824.5508 721.8844 796.94824 721.8844 796.94824 666.9414 820.49805 666.9414 
Hallway tag5588 874.72656 666.9414 903.90137 666.9414 903.90137 718.11084 891.8994 718.11084 891.8994 721.8844 845.625 721.8844 845.625 666.9414 874.72656 666.9414 
Hallway tag5613 923.39844 666.9414 941.32324 666.9414 941.32324 721.8844 905.47363 721.8844 905.47363 666.9414 923.39844 666.9414 
Hallway tag5641 971.25 666.9414 999.52637 666.9414 999.52637 721.8844 966.15234 721.8844 966.15234 718.11084 957.97363 718.11084 957.97363 721.8844 942.82715 721.8844 942.82715 666.9414 971.25 666.9414 
Hallway tag5680 961.499 605.58624 963.75 605.58624 963.75 659.7726 960.15137 659.8512 960.15137 665.35925 897.5244 665.35925 897.5244 660.15094 893.1738 660.15094 893.1738 665.35925 875.8496 665.35925 875.8496 640.5263 891.4502 640.5263 891.4502 605.58624 898.7256 605.58624 898.7256 602.9428 959.24805 602.9428 959.24805 605.58624 961.499 605.58624 
Hallway tag5706 862.65137 602.9428 889.87305 602.9428 889.87305 638.94415 835.27344 638.94415 835.27344 602.9428 862.65137 602.9428 
Hallway tag5731 801.8262 602.9428 824.5508 602.9428 824.5508 605.58624 831.37695 605.58624 831.37695 602.9428 833.7744 602.9428 833.7744 638.94415 779.1748 638.94415 779.1748 602.9428 801.8262 602.9428 
Hallway tag5756 806.40137 565.207 833.7744 565.207 833.7744 601.36066 831.37695 601.36066 831.37695 598.6435 824.5508 598.6435 824.5508 601.36066 779.1748 601.36066 779.1748 565.207 806.40137 565.207 
Hallway tag5782 862.65137 565.13324 889.87305 565.13324 889.87305 601.36066 835.27344 601.36066 835.27344 565.13324 862.65137 565.13324 
Hallway tag5804 1010.8496 595.3219 1031.0986 595.3219 1031.0986 605.2816 1035.5273 605.2816 1035.5273 634.86597 990.6006 634.86597 990.6006 595.3219 1010.8496 595.3219 
Hallway tag5827 1013.02734 550.1126 1035.5273 550.1126 1035.5273 593.8135 990.6006 593.8135 990.6006 550.1126 1013.02734 550.1126 
Hallway tag5849 1013.02734 504.9033 1035.5273 504.9033 1035.5273 538.6395 1031.0986 538.6395 1031.0986 548.53046 990.6006 548.53046 990.6006 504.9033 1013.02734 504.9033 
Hallway tag5879 998.25195 482.11438 1031.0986 482.11438 1031.0986 486.03537 1035.5273 486.03537 1035.5273 503.32114 965.32715 503.32114 965.32715 486.03537 965.47363 486.03537 965.47363 482.11438 998.25195 482.11438 
Hallway tag5909 930.75195 482.26178 958.65234 482.26178 958.65234 486.03537 963.75 486.03537 963.75 537.2097 902.99805 537.2097 902.99805 482.26178 930.75195 482.26178 
Hallway tag5935 878.999 482.26178 892.5 482.26178 892.5 486.03537 901.4258 486.03537 901.4258 537.2097 865.49805 537.2097 865.49805 482.26178 878.999 482.26178 
Hallway tag5982 758.25195 486.03537 763.42285 486.03537 763.42285 482.26178 863.9258 482.26178 863.9258 537.2097 753.1494 537.2097 753.1494 486.03537 758.25195 486.03537 
Hallway tag6010 722.99805 482.26178 746.8506 482.26178 746.8506 511.16803 731.25 511.16803 731.25 512.7551 751.57715 512.7551 751.57715 537.2097 732.82715 537.2097 732.82715 530.94495 731.25 530.94495 731.25 537.2097 718.27637 537.2097 718.27637 523.6975 698.84766 523.6975 699.07715 482.26178 722.99805 482.26178 
Hallway tag6037 669.07715 482.26178 689.84863 482.26178 689.84863 484.75293 691.4258 484.75293 691.4258 512.45044 671.09863 512.45044 671.09863 513.9638 691.4258 513.9638 691.4258 537.2097 672.6758 537.2097 672.6758 530.94495 671.09863 530.94495 671.09863 537.2097 648.374 537.2097 648.374 504.60358 657.14844 504.60358 657.14844 503.0165 648.374 503.0165 648.374 482.26178 669.07715 482.26178 
Hallway tag6061 637.42676 482.26178 646.12305 482.26178 646.12305 537.2097 626.6992 537.2097 626.6992 486.03537 628.7256 486.03537 628.7256 482.26178 637.42676 482.26178 
Hallway tag6063 495.07324 488.0745 506.77734 488.0745 506.77734 481.5837 555.75195 481.5837 555.75195 486.03537 565.4248 486.03537 565.4248 537.2097 483.37402 537.2097 483.37402 488.0745 495.07324 488.0745 
Room tag6064 426.6748 482.26178 459.5996 482.26178 459.5996 537.0574 393.30078 537.0574 393.30078 482.26178 421.0498 482.26178 421.0498 486.03537 426.6748 486.03537 
Room tag6065 984.07715 319.17215 1029.2236 318.94122 1029.3018 335.4703 1029.2236 335.54892 1029.2236 341.50903 1026.4502 344.37854 1026.4502 351.9257 1029.3018 354.71658 1029.3018 357.50748 984.30176 357.7335 
Room tag6066 935.32715 303.7732 982.42676 303.54715 982.7246 357.7335 935.55176 357.96442 
Room tag6067 894.1504 303.9255 933.75 303.7732 933.9746 357.96442 933.22266 357.96442 933.22266 359.85123 897.82715 359.85123 897.82715 356.30365 894.44824 356.30365 
Room tag6068 873.9746 304.07782 892.65137 303.9255 892.876 359.99863 871.57715 359.99863 871.57715 356.30365 866.626 356.30365 866.54785 360.22464 840.376 360.30325 840.29785 341.66135 
Room tag6069 854.70215 202.94281 909.30176 202.79048 909.67285 284.37952 855.07324 284.67923 
Room tag6070 854.5508 168.98055 909.1504 168.75452 909.30176 200.90369 854.70215 201.05602 
Room tag6071 910.874 210.33765 966.37695 210.03793 966.6748 284.1486 911.25 284.37952 
Hallway tag6081 975.52734 202.33844 983.1738 202.33844 983.25195 219.31956 967.9492 219.3982 967.876 202.41705 975.52734 202.33844 
Room tag6082 999.8242 169.5849 1033.4229 169.43259 1033.7256 233.50983 1000.12695 233.73584 
Hallway tag6118 1014.44824 235.1706 1028.8477 235.1706 1029.2236 317.35907 1000.49805 317.51138 1000.2002 248.60416 1000.12695 235.2443 1014.44824 235.1706 
Room tag6119 973.9502 114.79422 1026.001 114.5682 1026.2256 167.92413 999.8242 168.07645 999.8242 162.64209 995.92285 162.64209 995.92285 158.94221 992.251 158.94221 992.251 155.16862 988.501 155.16862 988.42285 151.47366 974.10156 151.54736 
Room tag6121 904.72656 124.97995 958.3496 124.75393 958.501 151.62106 904.87305 151.84709 
Hallway tag6154 852.4512 105.36026 865.95215 105.28164 865.95215 113.433174 871.57715 113.433174 871.57715 105.20794 898.42285 105.13424 898.42285 113.28085 903.1494 113.28085 903.3008 151.9257 839.10156 152.22543 839.02344 148.15211 834.07715 148.15211 833.9258 113.585495 838.87695 113.585495 838.87695 105.36026 852.4512 105.36026 
Hallway tag6165 486.2256 438.4135 488.99902 438.4135 488.99902 459.77258 483.37402 459.77258 483.37402 438.4135 486.2256 438.4135 
Hallway tag6177 486.15234 396.9827 488.84766 396.9827 488.84766 421.96304 483.37402 421.96304 483.37402 396.9827 486.15234 396.9827 
Hallway tag6215 535.8008 442.63913 577.9492 442.63913 577.9492 477.73642 493.7256 477.73642 493.7256 442.63913 535.8008 442.63913 
Room tag6216 219.59961 247.9261 273.82324 247.62146 273.9746 284.2272 219.75098 284.45322 
Room tag6217 219.375 208.60318 273.67676 208.37715 273.82324 246.0393 219.59961 246.33904 
Room tag6218 219.15039 162.33746 273.45215 162.03773 273.59863 206.79008 219.375 207.02103 
Room tag6219 292.87598 177.4318 340.87402 177.20578 341.0254 210.41628 293.02734 210.64229 
Room tag6220 347.02637 161.738 381.37695 161.50708 381.60156 210.19025 342.59766 210.41628 342.37305 177.20578 347.0996 177.20578 
Hallway tag6250 397.20215 147.39543 406.80176 147.39543 406.80176 171.4717 412.20215 171.398 412.2754 182.41411 414.75098 182.41411 414.90234 210.03793 383.17383 210.19025 382.94922 161.50708 387.59766 161.50708 387.5244 147.39543 397.20215 147.39543 
Hallway tag6332 231.22559 108.30346 244.87305 108.22484 245.02441 141.73506 248.10059 141.73506 248.02734 116.37637 250.49805 116.37637 250.4248 108.15114 277.20215 108.07744 277.20215 116.22405 282.9004 116.22405 282.82715 107.99882 309.67285 107.92512 309.75098 116.07665 315.37598 116.07665 315.29785 107.85141 342.0752 107.7728 342.14844 115.92433 347.77344 115.92433 347.7002 107.6991 374.55078 107.620476 374.62402 115.77201 380.17578 115.77201 380.17578 107.546776 407.25098 107.47307 407.32422 115.6246 412.2754 115.54599 412.42676 145.73466 385.95215 145.887 386.0254 158.33784 212.9248 159.16824 212.9248 153.28183 217.87598 153.28183 217.87598 147.62146 212.85156 147.62146 212.7002 116.528694 217.72461 116.528694 217.65137 108.37716 231.22559 108.30346 
Room tag6333 293.1006 227.62343 324.90234 227.4711 325.2002 284.00116 293.3252 284.1486 
Room tag6334 326.77734 227.4711 407.17285 227.01906 407.4756 283.62283 327.0752 284.00116 
Room tag6335 389.92676 310.716 418.19824 312.60278 416.92383 331.77536 413.70117 331.84906 413.3252 337.80914 407.99805 337.80914 408.07617 344.75687 412.20215 344.75687 412.20215 353.8862 408.07617 353.8862 408.1494 361.738 388.19824 361.8117 388.19824 360.60297 387.45117 360.60297 387.2998 327.1714 388.87695 327.3188 
Room tag6336 338.47656 307.7728 385.6494 307.54678 385.87402 360.60297 385.12695 360.60297 385.12695 361.8117 363.90137 361.8854 363.90137 360.6816 360.75195 360.6816 360.75195 361.96402 339.52637 362.03772 339.52637 360.829 338.7744 360.829 
Room tag6337 301.72363 306.19064 336.97266 308.52948 337.20215 360.829 336.37695 360.829 336.37695 362.03772 315.2246 362.11142 315.2246 360.52927 290.17578 361.05502 291.00098 348.45184 298.9502 348.45184 
Room tag6338 259.12598 311.09433 297.37305 308.30347 298.65234 325.96265 297.5244 346.8697 289.5752 346.9434 288.59863 361.05502 265.04883 361.13364 265.04883 354.56427 262.34863 354.56427 
Hallway tag6404 428.62305 154.11223 434.24805 154.11223 434.24805 155.62067 453.07617 155.54697 453.82324 315.6246 419.55078 315.6983 419.84863 311.09433 407.02637 310.26395 406.875 285.2099 416.8506 285.1313 416.69922 264.37656 421.72363 264.37656 421.6504 244.83058 416.62598 244.83058 416.32324 176.45401 421.34766 176.45401 421.20117 155.6993 422.99805 155.6993 422.99805 154.19084 428.62305 154.11223 
Hallway tag6451 473.70117 565.207 520.72266 565.207 520.72266 640.5263 523.19824 640.5263 523.19824 665.35925 493.3496 665.35925 493.3496 660.15094 488.99902 660.15094 488.99902 665.35925 426.82617 665.35925 426.82617 565.207 473.70117 565.207 
Hallway tag6476 549.52637 565.207 576.8262 565.207 576.8262 601.36066 522.22656 601.36066 522.22656 565.207 549.52637 565.207 
Hallway tag6502 605.625 565.207 632.9248 565.207 632.9248 601.36066 628.42285 601.36066 628.42285 599.6213 623.39844 599.6213 623.39844 601.36066 578.39844 601.36066 578.39844 565.207 605.625 565.207 
Hallway tag6527 538.65234 602.9428 555.15137 602.9428 555.15137 605.58624 561.97266 605.58624 561.97266 602.9428 576.8262 602.9428 576.8262 638.94415 522.22656 638.94415 522.22656 602.9428 538.65234 602.9428 
Hallway tag6553 600.8252 602.9428 623.39844 602.9428 623.39844 604.6036 628.42285 604.6036 628.42285 602.9428 632.9248 602.9428 632.9248 638.94415 578.39844 638.94415 578.39844 602.9428 600.8252 602.9428 
Hallway tag6591 1013.1006 636.52673 1035.5273 636.52673 1035.5273 721.8844 1003.19824 721.8844 1003.19824 661.65936 990.6738 661.65936 990.6738 636.52673 1013.1006 636.52673 
Hallway tag6608 497.77344 394.86987 502.42676 394.86987 502.42676 393.88718 515.55176 393.88718 515.55176 394.86987 525.2246 394.86987 525.2246 421.88443 493.05176 421.88443 493.05176 394.86987 497.77344 394.86987 
Hallway tag6629 530.55176 394.41293 530.55176 393.88718 545.47363 393.88718 545.47363 394.86987 556.6504 394.86987 556.6504 434.1142 526.2012 434.1142 526.2012 421.88443 525.8252 421.88443 525.8252 394.86987 530.55176 394.86987 530.55176 394.41293 
Hallway tag6794 645.6006 314.7156 834.90234 313.81152 834.9756 335.1706 628.79877 336.1533 628.8769 352.53006 624.4482 352.60376 624.4482 354.64288 612.0019 354.71658 611.92377 352.60376 591.3769 352.60376 591.45013 336.3007 453.90137 336.97876 453.9746 353.9599 438.9746 354.0385 438.90137 338.94418 422.0996 339.01788 422.02637 326.4884 418.87695 326.4884 419.55078 315.6983 456.29883 315.6246 645.6006 314.7156 
Hallway tag6934 706.0498 565.207 777.59766 565.207 777.59766 640.5263 874.27734 640.5263 874.27734 665.35925 524.77545 665.35925 524.77545 640.5263 634.502 640.5263 634.502 565.207 706.0498 565.207 
Hallway tag6953 583.7256 503.47345 600.29785 503.47345 600.29785 537.2097 567.00195 537.2097 567.00195 503.47345 583.7256 503.47345 
Room tag6954 558.22266 399.8473 599.3994 399.8473 599.3994 501.88638 567.00195 501.88638 567.00195 481.5837 579.52637 481.5837 579.52637 441.05698 570.75195 441.05698 570.75195 436.3007 558.22266 436.3007 
Hallway tag7018 461.17676 507.9251 461.17676 477.20578 456.60156 477.20578 456.60156 383.54913 481.80176 383.54913 481.80176 538.7919 461.17676 538.6395 461.17676 507.9251 
Hallway tag7103 531.60156 538.71814 636.37695 538.7919 636.37695 563.6248 426.82617 563.6248 426.82617 538.6395 531.60156 538.71814 
Hallway tag7248 665.69824 538.7919 695.1758 538.7919 695.1758 532.2274 716.6992 532.2274 716.6992 538.7919 965.32715 538.7919 965.32715 504.9033 989.02344 504.9033 989.02344 665.35925 965.32715 665.35925 965.32715 563.6248 636.37695 563.6248 636.37695 538.7919 665.69824 538.7919 
Hallway tag7319 283.19824 162.19005 291.37695 162.11143 291.4502 212.22444 414.90234 211.7724 414.9756 225.43199 291.52344 226.03636 291.82617 285.73566 405.52734 285.1313 405.75195 310.19025 388.50098 309.05524 388.42285 310.11163 387.22656 310.11163 387.22656 305.96463 336.8994 306.26434 336.8994 306.9424 300.2246 304.52988 300.0 308.15112 298.87695 308.22482 298.79883 306.64267 264.52637 309.20755 264.44824 285.88797 275.55176 285.80936 274.95117 162.26375 283.19824 162.19005 
Room tag7320 221.02539 286.03537 263.17383 285.88797 263.17383 286.49234 263.7744 286.49234 263.92578 308.60318 263.25195 308.60318 263.25195 309.20755 257.4756 309.65958 260.92285 356.15134 263.47656 356.15134 263.47656 361.20734 219.15039 361.35965 219.07715 342.1134 221.32324 342.1134 221.32324 339.3962 221.25 339.3225 221.25 338.63953 220.64941 338.63953 220.49805 310.48996 221.09863 310.48996 221.09863 309.88562 220.49805 309.88562 220.4248 298.64346 221.09863 298.64346 221.09863 297.96048 220.4248 297.96048 220.4248 286.56604 221.02539 286.49234 
Hallway tag7406 846.37695 239.0965 839.47266 239.1702 839.3994 220.90665 834.375 220.90665 834.1504 169.13286 839.1748 169.05424 839.10156 153.73387 986.9238 153.0558 986.9238 156.75569 990.6738 156.75569 990.6738 160.52928 994.4238 160.52928 994.4238 164.30287 998.25195 164.22424 998.9258 317.51138 984.07715 317.58508 983.999 301.96008 873.3008 302.49075 839.92676 339.69595 839.92676 336.75275 834.9756 336.75275 834.67285 269.8846 838.501 269.8109 838.42285 265.20694 839.624 265.20694 839.5508 259.54657 834.5996 259.54657 834.52637 246.41273 839.47266 246.33904 839.47266 240.67865 853.3496 240.67865 853.5742 286.2663 968.25195 285.66196 967.9492 220.90665 984.8242 220.82802 984.751 200.75629 967.876 200.82999 967.7246 166.86772 852.97363 167.47209 853.3496 239.0965 846.37695 239.0965 
Hallway tag7422 454.50195 285.80936 455.32715 285.80936 455.32715 284.90527 454.7998 284.90527 454.7998 284.67923 456.15234 284.67923 456.15234 284.00116 471.4502 284.00116 455.0 282.79245 476.92383 310.19025 475.72266 310.716 476.25 309.20755 457.2754 297.88678 457.2754 297.58707 456.2256 297.58707 456.2256 296.90408 454.87305 296.90408 454.87305 296.53067 455.32715 296.53067 455.32715 295.54794 454.42383 295.54794 454.42383 295.32193 453.75 295.32193 453.67676 285.80936 454.50195 285.80936 
Hallway tag7486 578.84766 383.54913 599.3994 383.54913 599.3994 398.33884 558.22266 398.33884 558.22266 383.54913 578.84766 383.54913 
Hallway tag7571 471.37695 357.5861 486.2256 357.5861 486.2256 353.05582 556.34766 352.67746 556.4258 357.13403 625.4248 356.7557 625.874 477.73642 623.1006 477.73642 623.1006 486.03537 625.12695 486.03537 625.12695 538.7919 601.875 538.7919 601.875 501.88638 599.3994 501.88638 599.3994 458.9422 604.04785 458.9422 604.04785 443.84787 600.89844 443.84787 600.89844 383.54913 556.6504 383.54913 556.6504 392.9831 492.97363 392.9831 492.97363 383.54913 456.60156 383.54913 456.60156 357.5861 471.37695 357.5861 
Hallway tag7586 541.34766 435.69635 556.6504 435.69635 556.6504 441.05698 526.2012 441.05698 526.2012 435.69635 541.34766 435.69635 
Hallway tag7596 491.17676 442.63913 492.14844 442.63913 492.14844 459.77258 490.2002 459.77258 490.2002 442.63913 491.17676 442.63913 
Hallway tag7610 487.79785 461.35965 492.14844 461.35965 492.14844 479.31857 491.17676 479.31857 491.17676 481.20538 505.2002 481.20538 505.2002 486.4137 483.37402 486.4137 483.37402 461.35965 487.79785 461.35965 
Hallway tag7617 487.42676 384.97897 491.4746 384.97897 491.4746 395.54794 483.30078 395.54794 483.30078 384.97897 487.42676 384.97897 
Hallway tag7641 318.45215 162.11143 345.44922 162.11143 345.52734 175.62363 291.29883 175.92334 291.37695 162.11143 318.45215 162.11143 
Hallway tag7665 636.2256 666.9414 643.05176 666.9414 643.05176 721.8844 629.3262 721.8844 629.3262 666.9414 636.2256 666.9414 
Hallway tag7689 750.29785 666.9414 757.20215 666.9414 757.20215 721.8844 743.47656 721.8844 743.47656 666.9414 750.29785 666.9414 
Room tag7690 910.6494 168.75452 966.15234 168.45479 966.37695 208.45087 910.874 208.7555 
Hallway tag7722 927.6758 565.207 963.75 565.207 963.75 598.6435 959.24805 598.6435 959.24805 601.36066 898.7256 601.36066 898.7256 598.6435 891.4502 598.6435 891.4502 565.207 927.6758 565.207 
Room tag7723 16.801758 663.24646 16.801758 652.53 38.027344 652.53 38.027344 663.24646 
Hallway tag7725 16.801758 672.3758 16.801758 667.02 38.027344 667.02 38.027344 677.73645 16.801758 677.73645 16.801758 672.3758 
Hallway tag7736 16.801758 686.9444 16.801758 681.58374 38.027344 681.58374 38.027344 692.2264 16.801758 692.2264 16.801758 686.9444 
Room tag7737 16.801758 706.7901 16.801758 696.07367 38.027344 696.07367 38.027344 706.7901 
Hallway tag7750 16.801758 715.9243 16.801758 710.56366 38.027344 710.56366 38.027344 721.285 16.801758 721.285 16.801758 715.9243 
Hallway tag7777 16.801758 744.9829 16.801758 739.62225 38.027344 739.62225 38.027344 750.3386 16.801758 750.3386 16.801758 744.9829 
