-384.47875 -315.77953125
-363.420156 -315.77953125
-363.420156 -311.27953099999996
-358.920156 -311.27953099999996
-358.920156 -315.77953125
-329.701406 -315.77953125
-329.701406 -270.119375
-384.47875 -270.119375

-385.98125000000005 -234.71953125
-368.160937 -234.71953125
-368.160937 -236.219531
-337.739062 -236.219531
-337.739062 -231.719531
-333.239062 -231.719531
-333.239062 -236.219531
-306.180469 -236.219531
-306.180469 -189.301562
-283.50078 -189.301562
-283.50078 -184.801562
-281.70000000000005 -184.801562
-281.70000000000005 -169.438281
-297.239062 -169.438281
-297.239062 -137.520312
-333.539844 -137.520312
-333.539844 -140.821094
-337.379687 -140.821094
-337.379687 -137.520312
-385.98125000000005 -137.520312
-385.98125000000005 -141.598437
-388.98125000000005 -141.598437
-388.98125000000005 -184.020312
-385.98125000000005 -184.020312
-385.98125000000005 -189.539844
-388.98125000000005 -189.539844
-388.98125000000005 -191.278125
-390.77812500000005 -191.278125
-390.77812500000005 -211.258594
-388.98125000000005 -211.258594
-388.98125000000005 -231.719531
-385.98125000000005 -231.719531

-485.28125 -231.71875
-472.32031199999994 -231.71875
-472.32031199999994 -232.441406
-449.39843699999994 -232.441406
-449.39843699999994 -231.71875
-428.46093699999994 -231.71875
-428.46093699999994 -232.441406
-405.48046899999997 -232.441406
-405.48046899999997 -231.71875
-393.53906199999994 -231.71875
-393.53906199999994 -185.640625
-402.48046899999997 -185.640625
-402.48046899999997 -139.980469
-429.83984399999997 -139.980469
-429.83984399999997 -142.980469
-433.800781 -142.980469
-433.800781 -139.980469
-482.28125 -139.921879
-482.28125 -142.921879
-485.28125 -142.921879
-485.28125 -162.781254
-487.078125 -162.781254
-487.078125 -182.76172300000002
-485.28125 -182.76172300000002
-485.28125 -184.500004
-482.28125 -184.500004
-482.28125 -190.01953500000002
-485.28125 -190.01953500000002

-383.10046875 -254.5184375
-383.10046875 -258.659063
-385.080938 -258.659063
-385.080938 -297.95984400000003
-383.10046875 -297.95984400000003
-383.10046875 -301.92078100000003
-385.080938 -301.92078100000003
-385.080938 -344.99890600000003
-346.49890600000003 -345.178594
-311.10046900000003 -345.241094
-303.83875 -345.299684
-303.90125 -349.799684
-273.78016 -349.979371
-273.78016 -324.721559
-267.83875 -323.159059
-267.83875 -323.518434
-266.81922000000003 -323.518434
-266.81922000000003 -277.561402
-267.83875 -277.561402
-267.83875 -277.979371
-273.60047000000003 -276.420777
-273.60047000000003 -254.40124600000001

-321.061875 -446.58140625
-287.761094 -446.58140625
-287.581406 -425.58140599999996
-288.120469 -425.58140599999996
-288.120469 -413.819688
-318.538437 -413.819688
-318.538437 -420.35875
-321.061875 -420.35875

-155.161875 -227.57984375
-139.919688 -227.6384375
-139.861098 -219.361094
-155.099379 -219.298594
-155.099379 -220.501719
-155.759535 -220.501719
-155.759535 -226.501719
-155.161879 -226.501719

-132.2396875 -175.32171875
-81.360781 -175.56
-132.060313 -142.620781
-118.97828100000001 -175.37859
-132.24 -169.32
-145.439219 -175.26140999999998
-132.060312 -131.159844
-183.122813 -175.077812

-205.3796875 -227.82109375
-193.559375 -227.8796875
-193.500781 -218.399219
-205.3210938 -218.340625
-205.38 -229.499688
-206.04015619999998 -227.82
-205.38 -233.82
-204.7784375 -227.82

15.839844 527.64062
15.839844 519.42187
32.339844 519.42187
32.339844 527.64062