452.52125 324.72046875
408.84156199999995 324.72046875
408.84156199999995 295.79859400000004
435.361094 295.79859400000004
435.361094 298.138437
440.880625 298.138437
440.880625 295.79859400000004
452.52125 295.79859400000004

482.70125 324.72078125
471.060625 324.72078125
471.060625 322.79890600000004
465.541094 322.79890600000004
465.541094 324.72078125
439.021562 324.72078125
439.021562 296.04109400000004
482.70124999999996 296.04109400000004

532.61875 315.77890625
503.57968700000004 315.77890625
503.57968700000004 274.321875
512.099219 274.321875
512.099219 271.321875
532.61875 271.38046499999996

532.621875 346.07890625
486.000781 346.07890625
486.000781 304.621875
488.461719 304.621875
488.461719 301.621875
532.621875 301.621875

532.6190625 393.95890625
484.740156 393.95890625
484.740156 349.501875
530.880781 349.501875
530.880781 352.501875
532.6190625 352.501875

532.6184375 443.09890625
503.880156 443.09890625
503.880156 398.641875
525.540313 398.641875
525.540313 402.540313
532.020781 402.540313
532.020781 398.641875
532.6184375 398.641875

532.6209375 473.03890625
503.460781 473.03890625
503.460781 431.581875
507.66 431.581875
507.66 428.581875
532.6209375 428.581875

532.62078125 515.69890625
486.359063 515.69890625
486.359063 474.24187500000005
496.441094 474.24187500000005
496.441094 471.24187500000005
532.62078125 471.24187500000005

532.62125 518.761875
532.62125 563.21890625
502.320469 563.21890625
502.320469 518.761875

532.61875 594.77890625
503.93906300000003 594.77890625
503.93906300000003 550.321875
516.18125 550.321875
516.18125 553.321875
521.638281 553.321875
521.638281 550.321875
532.61875 550.321875

532.62125 624.71890625
498.359531 624.71890625
498.359531 615.0001560000001
480.718906 615.0001560000001
480.718906 580.320469
492.238438 580.261879
492.238438 583.261879
497.69937500000003 583.261879
497.69937500000003 580.261879
532.62125 580.261879

542.34109375 683.88015625
506.09890600000006 683.88015625
506.09890600000006 693.5989059999999
492.11843700000003 693.5989059999999
492.11843700000003 649.141875
507.23953100000006 649.141875
507.23953100000006 652.141875
512.700469 652.141875
512.700469 649.141875
542.34109375 649.200465

532.620625 690.901875
532.620625 735.35890625
503.940937 735.35890625
503.940937 690.901875

512.39828125 772.2615625
483.30062499999997 772.2615625
483.30062499999997 754.738125
485.038906 754.738125
485.038906 707.581875
511.499844 707.581875
511.73812499999997 710.581875
519.3592189999999 710.581875
519.3592189999999 752.038906
512.39828125 752.038906

425.51828125 793.26046875
390.358125 793.26046875
390.358125 787.381562
393.901094 787.381562
393.901094 782.401094
390.358125 782.401094
390.358125 758.518281
425.51828125 758.518281

389.57828125 758.519687
389.57828125 793.261875
354.418125 793.261875
354.418125 758.519687

484.9790625 392.45953125
453.65875 392.45953125
453.541562 346.080625
482.459531 346.080625
482.459531 349.67828099999997
485.100156 349.67828099999997
485.100156 392.45953125

452.52015624999996 392.34046874999996
396.238906 392.34046874999996
396.301406 366.00062499999996
401.03968799999996 366.00062499999996
401.03968799999996 361.14124999999996
449.879531 361.14124999999996
449.879531 364.981094
452.52015625 364.981094

452.5203125 468.18046875
408.840625 468.18046875
408.840625 439.438281
417.96171899999996 439.438281
417.96171899999996 440.821094
421.91875 440.821094
421.91875 439.438281
452.5203125 439.438281

452.52140625 513.0604687499999
408.841719 513.0604687499999
408.841719 486.47843699999993
413.701094 486.47843699999993
413.701094 484.31828099999996
452.52140625 484.31828099999996

286.44078125 503.69859375
154.49938 504.300156
286.5025 504.41875
256.49859 503.821094
286.44 405.71953099999996
342.29937 503.7
286.44 557.578906
288.42047 503.7
286.44 449.821094
390.42047125 503.7
286.44 534.782031
277.43999974999997 503.7
286.44 514.2
295.44000025 503.7

722.51953 430.26172
722.51953 386.57812
766.01953 386.57812
766.01953 430.26172

430.26046875 692.51828125
430.26046875 736.201875
408.78 736.201875
408.78 733.201875
401.518281 733.201875
401.518281 692.51828125

389.58046874999997 602.521875
381.361719 602.521875
381.361719 605.521875
331.978906 605.521875
331.978906 602.521875
327.24062499999997 602.521875
327.24062499999997 605.521875
300.838281 605.521875
300.838281 561.8382809999999
389.58046874999997 561.8382809999999

516.83984 386.57812
516.83984 430.26172
501.35936999999996 430.26172
501.35936999999996 386.57812

512.28 557.99875
512.28 617.7604690000001
462.420625 617.7604690000001
462.420625 590.4010940000001
463.799531 590.4010940000001
463.799531 586.440156
462.420625 586.440156
462.420625 542.518281
463.799531 542.518281
463.799531 538.920625
513.658906 538.920625
513.658906 542.518281
517.678438 542.518281
517.678438 538.920625
557.221406 538.920625
557.221406 557.99875

452.51890625 609.12046875
402.65953099999996 609.12046875
402.65953099999996 530.280625
451.14 530.280625
451.14 533.878281
452.51890625 533.878281
452.51890625 577.800156
451.14 577.800156
451.14 581.761094
452.51890625 581.761094

497.40171875 660.2415625
468.65953099999996 660.2415625
468.65953099999996 616.561875
497.40171875 616.561875
497.40171875 625.92125
493.26109399999996 625.92125
493.26109399999996 629.878281
497.40171875 629.878281

497.40171875 690.2415625
468.780625 690.2415625
468.780625 659.878281
473.40171899999996 659.878281
473.40171899999996 655.92125
468.780625 655.92125
468.780625 646.561875
497.40171875 646.561875

452.52171875 660.24046875
423.77953099999996 660.24046875
423.77953099999996 616.619375
452.52171875 616.619375
452.52171875 628.138906
447.47875 628.138906
447.47875 633.658437
452.52171875 633.658437

452.52171875 690.24046875
423.900625 690.24046875
423.900625 663.658437
429.24046899999996 663.658437
429.24046899999996 658.138906
423.900625 658.138906
423.900625 646.619375
452.52171875 646.619375

452.51890625 720.12046875
401.64 720.12046875
401.64 693.538437
405.241563 693.538437
405.241563 688.018906
401.64 688.018906
401.64 644.878281
404.64 644.878281
404.64 641.280625
452.51890625 641.280625

290.40140625 667.5615624999999
211.38187499999998 667.6787499999999
213.29843499999998 667.6810939999999
290.4 666.77875
288.36093999999997 667.6225
290.4 575.458437
448.56015625 667.56
290.4 689.5209379999999
285.41953075 667.56
290.880469 669.5404679999999
295.739844 667.56
290.4 692.5209379999999
284.579687 667.56
290.4 669.5365619999999
295.38046925 667.56

266.46109375 175.3790625
239.16031299999997 182.461094
231.05874999999997 151.500156
266.5196875 151.441562
266.578281 166.679844
266.281406 166.738437
266.039219 165.718906
264.05875 166.199375

290.2809375 212.03875
296.218437 234.718437
295.26140599999997 234.718437
295.26140599999997 242.03875
252.12078099999997 242.218437
251.99968699999997 212.218437

256.20156249999997 251.40078125
217.799219 251.580469
256.14141 240.18125
255.598438 251.4
257.7625 228.716406
256.496875 251.4
256.2 250.142187
292.621875 251.220313
256.2 252.657812
256.801562 251.4

255.54 292.5009375
217.981406 289.918906
218.938438 275.75875
221.641562 275.75875
221.579062 270.778281
218.278281 270.778281
218.278281 263.520469
221.579062 263.520469
221.52047199999998 256.918906
256.918909 256.860316
256.918909 258.118129
257.879847 258.118129

192.47984375 287.15953125000004
153.83921899999999 287.339219
192.358906 263.28109400000005
188.522969 287.21859
192.4175 274.67953200000005
235.081562 286.921718

154.91953124999998 286.97812500000003
112.32187499999998 287.22031300000003
112.13828099999998 250.86093800000003
154.73984399999998 250.68125000000003

94.979375 668.63953125
25.620000000000005 668.998906
94.741719 613.2025
165.83937500000002 668.276719
95.038593 681.42125
90.960469 668.7025
95.101094 685.257188
97.437031 668.64

195.41937499999997 760.138125
156.661562 760.321719
156.54046899999997 732.599063
195.29828099999997 732.419375

134.70015625 759.8407812500001
71.579062 760.141562
134.7 757.3165630000001
130.922657 759.9025
134.457812 707.879062
95.70015599999999 705.5400000000001
134.7 754.8595310000001
173.399219 759.6603130000001

244.97937499999998 700.13953125
146.041875 700.678594
146.041875 657.600469
198.299687 657.358281

152.40109375 667.3815625
81.541719 667.740938
81.178437 597.78
120.658906 597.600313
120.721406 609.119844
148.139375 608.99875
152.4 668.641719
156.360937 667.38
152.458594 677.821406
148.442969 667.43859
152.4 671.88
156.419531 667.32141

244.3196875 823.3196875000001
244.018906 792.960313
239.999375 792.960313
239.940781 782.460313
243.960312 782.460313
243.960312 780.241563
267.241562 780.1204690000001
267.30015199999997 823.1985940000001

482.5203125 468.18046875
451.91875 468.18046875
451.91875 466.860156
447.96171899999996 466.860156
447.96171899999996 468.18046875
438.840625 468.18046875
438.840625 419.340625
447.96171899999996 419.340625
447.96171899999996 422.938281
451.98125 422.938281
451.98125 419.340625
501.840625 419.340625
501.840625 422.938281
505.86015599999996 422.938281
505.86015599999996 419.340625
525.539844 419.340625
525.539844 465.719531
500.879688 465.719531
500.879688 498.180469
483.778125 498.180469
483.778125 468.18046875

126.7790625 366.95874999999995
110.40015600000001 367.02124999999995
110.341566 363.001719
105.841566 363.06031299999995
105.841566 367.02124999999995
49.021254 367.31812499999995
48.958754 363.298594
44.458754 363.298594
44.521254 367.31812499999995
28.021254 367.38062499999995
28.021254 363.41968799999995
23.521254 363.41968799999995
23.521254 367.439219
33.36155600000001 367.618906
33.36155600000001 363.720469
37.79905600000001 363.720469
37.79905600000001 367.681406
54.240466 367.73999999999995
54.29906600000001 363.77906299999995
58.79906600000001 363.84156299999995
58.740466 367.73999999999995
115.68186599999999 367.73999999999995
115.68186599999999 364.079844
120.18186599999999 364.079844
120.18186599999999 368.040781
136.61937599999996 368.09937499999995
136.61937599999996 364.20093799999995
141.11937599999996 364.20093799999995
141.11937599999996 368.16187499999995
170.99827599999995 370.798594
170.99827599999995 279.661875
172.49827599999995 279.661875
172.49827599999995 276.001719
173.52171599999994 276.001719
173.75999599999992 222.84156
171.7209359999999 222.77906
171.29905599999992 209.75952999999998
141.8381259999999 209.57984
141.8381259999999 214.43921999999998
137.3381259999999 214.43921999999998
137.3381259999999 210.41968999999997
120.9006159999999 210.29858999999996
120.8381159999999 214.31812999999997
116.3381159999999 214.31812999999997
116.4006159999999 210.77905999999996
59.580305999999894 209.22046999999995
59.459215999999884 214.02124999999995
55.021715999999884 214.02124999999995
55.021715999999884 210.00171999999995
38.521715999999884 209.93921999999995
38.521715999999884 213.95874999999995
34.080305999999894 213.90014999999994
34.080305999999894 210.41967999999994
9.959215999999884 210.47827999999996
22.798594000000122 210.11890999999994
22.798594000000122 213.66187999999994
27.298598000000126 213.59937999999994
27.298598000000126 209.63843999999995
43.74000400000013 209.52124999999995
43.79859400000012 213.54077999999996
44.638437000000124 213.54077999999996
43.79859400000012 213.54077999999996
86.27906200000012 213.29858999999996
86.52125000000012 234.54077999999996
128.70093700000012 234.18140999999994
128.75953100000012 253.97827999999993
127.91968700000012 253.97827999999993
127.86109400000012 252.84155999999996
127.68140600000012 251.70093999999995
126.20093700000012 243.73218999999995
115.03687500000012 232.15796999999995
97.45484400000012 225.73608999999996
96.43531300000012 226.57593999999997
95.71656300000012 227.41577999999998
90.49000000000012 234.02124999999998
89.10718700000012 250.49781
96.06421800000012 268.20092999999997
97.38453000000013 268.31811999999996
97.74781200000012 268.31811999999996
97.38453000000013 268.38061999999996
109.56421800000012 268.31811999999996
110.04468700000012 366.478279
107.52515550000012 366.478279

386.16031250000003 421.67984375000003
363.23843800000003 421.67984375000003
363.23843800000003 418.859531
358.73843800000003 418.859531
358.73843800000003 421.67984375000003
344.101719 421.67984375000003
344.101719 376.441563
386.16031250000003 376.441563

482.52140625 513.0604687499999
443.701094 513.0604687499999
443.701094 510.95890599999996
438.900312 510.95890599999996
438.900312 484.56046899999996
482.52140625 484.56046899999996

15.839844 550.01953
15.839844 541.80078
32.339844 541.80078
32.339844 550.01953