Room path0 537 134 505 132 453 134 453 15 408 11 408 134 380 130 324 130 326 151 325 188 405 188 403 219 403 266 403 309 405 344 286 344 284 376 286 393 315 393 340 395 431 395 466 395 466 272 466 188 625 188 658 188 775 188 788 134 747 137 744 116 744 91 744 17 647 15 537 15
Room path1 77 271 44 271 44 117 39 67 35 11 262 11 262 134 287 130 324 130 326 151 325 188 286 188 286 266 252 272 207 271 127 271
Room path2 286 266 403 266 403 309 405 344 286 344
Room path3 453 134 505 132 537 134 537 15 453 15
Room path4 262 134 287 130 324 130 380 130 408 134 408 11 262 11
Room path5 286 188 325 188 405 188 403 219 403 266 286 266
Room path6 660 231 658 188 775 188 775 266 651 266
Room path7 466 188 625 188 610 219 611 272 547 272 466 272
Room path8 611 272 610 219 625 188 658 188 660 231 651 266 775 266 775 348 774 372 782 395 750 392 732 395 705 394 670 395 635 397 593 397 565 395 547 395 547 367 547 272
Room path9 788 13 788 134 747 137 744 116 744 91 744 17
Room path10 547 272 547 367 547 395 466 395 466 272
Room path11 750 392 748 520 782 520 782 395
Room path12 36 455 32 520 262 520 262 389 286 393 284 376 286 344 286 266 252 272 207 271 127 271 77 271 44 271 44 401
Room path13 593 397 592 520 463 520 466 395 547 395 565 395
Room path14 286 393 315 393 340 395 341 520 262 520 262 389
Room path15 431 395 466 395 463 520 341 520 340 395
Room path16 635 397 670 395 670 520 592 520 593 397
Room path17 705 394 732 395 750 392 748 520 670 520 670 395
