-----------------------------
68 1.0
-----------------------------
68 1.0
-----------------------------
68 1.0
-----------------------------
68 1.0
-----------------------------
68 1.0
-----------------------------
68 1.0
-----------------------------
68 1.0
-----------------------------
68 1.0
-----------------------------
68 1.0
-----------------------------
68 1.0
-----------------------------
68 1.0
-----------------------------
68 1.0
-----------------------------
68 1.0
-----------------------------
68 1.0
-----------------------------
68 1.0
-----------------------------
68 1.0
-----------------------------
68 1.0
-----------------------------
16 0.003322259
68 0.99667776
-----------------------------
16 0.0033112583
17 0.0033112583
68 0.9933775
-----------------------------
16 0.08305648
68 0.91694355
-----------------------------
16 0.33112583
17 0.0033112583
68 0.6655629
-----------------------------
16 0.61461794
68 0.38538206
-----------------------------
16 0.884106
17 0.0033112583
68 0.11258278
-----------------------------
16 0.9933775
68 0.0033112583
17 0.0033112583
-----------------------------
17 0.0066225166
16 0.9933775
-----------------------------
17 0.003322259
16 0.99667776
-----------------------------
17 0.0066225166
16 0.9933775
-----------------------------
17 0.003322259
16 0.99667776
-----------------------------
17 0.003322259
16 0.99667776
-----------------------------
17 0.0066225166
16 0.9933775
-----------------------------
17 0.003322259
16 0.99667776
-----------------------------
17 0.0066225166
16 0.9933775
-----------------------------
17 0.003322259
16 0.99667776
-----------------------------
17 0.009933775
16 0.99006623
-----------------------------
17 0.03311258
16 0.9668874
-----------------------------
17 0.10299003
16 0.89700997
-----------------------------
17 0.3642384
16 0.6357616
-----------------------------
17 0.16611296
16 0.83388704
-----------------------------
17 0.29235882
16 0.7076412
-----------------------------
17 0.053156145
16 0.94684386
-----------------------------
17 0.006644518
16 0.99335545
-----------------------------
17 0.003322259
16 0.99667776
-----------------------------
17 0.003322259
16 0.99667776
-----------------------------
17 0.003322259
16 0.99667776
-----------------------------
17 0.003322259
16 0.99667776
-----------------------------
17 0.003322259
16 0.99667776
-----------------------------
17 0.003322259
16 0.99667776
-----------------------------
17 0.003322259
16 0.98671097
68 0.009966778
-----------------------------
17 0.003322259
16 0.7475083
68 0.24916944
-----------------------------
17 0.003322259
16 0.20598006
68 0.7906977
-----------------------------
16 0.003322259
68 0.99667776
-----------------------------
16 0.003322259
68 0.99667776
-----------------------------
16 0.003322259
68 0.99667776
-----------------------------
16 0.003322259
68 0.99667776
-----------------------------
16 0.003322259
68 0.99667776
-----------------------------
16 0.003322259
68 0.99667776
-----------------------------
16 0.003322259
68 0.99667776
-----------------------------
16 0.003322259
68 0.99667776
-----------------------------
16 0.003322259
68 0.99667776
-----------------------------
16 0.0032894737
68 0.99671054
-----------------------------
16 0.003322259
68 0.99667776
