Room  426.67480 482.26179 459.59961 482.26179 459.59961 537.05739 393.30078 537.05739 393.30078 482.26179 421.04980 482.26179 421.04980 486.03538 426.67480 486.03538 
Room  984.07715 319.17217 1029.22363 318.94123 1029.30176 335.47032 1029.22363 335.54894 1029.22363 341.50904 1026.45020 344.37854 1026.45020 351.92571 1029.30176 354.71659 1029.30176 357.50747 984.30176 357.73349 
Room  935.32715 303.77319 982.42676 303.54717 982.72461 357.73349 935.55176 357.96443 
Room  894.15039 303.92551 933.75000 303.77319 933.97461 357.96443 933.22266 357.96443 933.22266 359.85122 897.82715 359.85122 897.82715 356.30366 894.44824 356.30366 
Room  873.97461 304.07783 892.65137 303.92551 892.87598 359.99862 871.57715 359.99862 871.57715 356.30366 866.62598 356.30366 866.54785 360.22465 840.37598 360.30326 840.29785 341.66136 
Room  854.70215 202.94281 909.30176 202.79049 909.67285 284.37952 855.07324 284.67925 
Room  854.55078 168.98054 909.15039 168.75452 909.30176 200.90369 854.70215 201.05601 
Room  910.87402 210.33766 966.37695 210.03793 966.67481 284.14858 911.25000 284.37952 
Room  999.82422 169.58491 1033.42285 169.43259 1033.72559 233.50983 1000.12695 233.73585 
Room  973.95020 114.79422 1026.00098 114.56820 1026.22559 167.92413 999.82422 168.07645 999.82422 162.64210 995.92285 162.64210 995.92285 158.94222 992.25098 158.94222 992.25098 155.16863 988.50098 155.16863 988.42285 151.47366 974.10156 151.54737 
Room  904.72656 124.97995 958.34961 124.75393 958.50098 151.62107 904.87305 151.84709 
Room  219.59961 247.92610 273.82324 247.62146 273.97461 284.22720 219.75098 284.45322 
Room  219.37500 208.60318 273.67676 208.37716 273.82324 246.03931 219.59961 246.33903 
Room  219.15039 162.33746 273.45215 162.03774 273.59863 206.79009 219.37500 207.02103 
Room  292.87598 177.43180 340.87402 177.20578 341.02539 210.41627 293.02734 210.64230 
Room  347.02637 161.73801 381.37695 161.50708 381.60156 210.19025 342.59766 210.41627 342.37305 177.20578 347.09961 177.20578 
Room  293.10059 227.62343 324.90234 227.47111 325.20019 284.00118 293.32520 284.14858 
Room  326.77734 227.47111 407.17285 227.01906 407.47559 283.62284 327.07520 284.00118 
Room  389.92676 310.71600 418.19824 312.60279 416.92383 331.77535 413.70117 331.84906 413.32519 337.80916 407.99805 337.80916 408.07617 344.75688 412.20215 344.75688 412.20215 353.88620 408.07617 353.88620 408.14941 361.73801 388.19824 361.81171 388.19824 360.60299 387.45117 360.60299 387.29980 327.17138 388.87695 327.31879 
Room  338.47656 307.77280 385.64941 307.54678 385.87402 360.60299 385.12695 360.60299 385.12695 361.81171 363.90137 361.88542 363.90137 360.68160 360.75195 360.68160 360.75195 361.96403 339.52637 362.03774 339.52637 360.82901 338.77441 360.82901 
Room  301.72363 306.19064 336.97266 308.52948 337.20215 360.82901 336.37695 360.82901 336.37695 362.03774 315.22461 362.11144 315.22461 360.52928 290.17578 361.05503 291.00098 348.45185 298.95020 348.45185 
Room  259.12598 311.09434 297.37305 308.30346 298.65234 325.96266 297.52441 346.86969 289.57520 346.94340 288.59863 361.05503 265.04883 361.13365 265.04883 354.56427 262.34863 354.56427 
Room  558.22266 399.84729 599.39941 399.84729 599.39941 501.88640 567.00195 501.88640 567.00195 481.58373 579.52637 481.58373 579.52637 441.05700 570.75195 441.05700 570.75195 436.30071 558.22266 436.30071 
Room  221.02539 286.03538 263.17383 285.88797 263.17383 286.49233 263.77441 286.49233 263.92578 308.60318 263.25195 308.60318 263.25195 309.20755 257.47559 309.65959 260.92285 356.15134 263.47656 356.15134 263.47656 361.20735 219.15039 361.35967 219.07715 342.11340 221.32324 342.11340 221.32324 339.39623 221.25000 339.32252 221.25000 338.63954 220.64941 338.63954 220.49805 310.48998 221.09863 310.48998 221.09863 309.88561 220.49805 309.88561 220.42480 298.64347 221.09863 298.64347 221.09863 297.96050 220.42480 297.96050 220.42480 286.56604 221.02539 286.49233 
Room  910.64941 168.75452 966.15234 168.45479 966.37695 208.45086 910.87402 208.75550 
Room  16.80176 663.24646 16.80176 652.53007 38.02734 652.53007 38.02734 663.24646 
Room  16.80176 706.79009 16.80176 696.07370 38.02734 696.07370 38.02734 706.79009 
