Room path9311 394.72656 483.62323 421.0498 483.62323 421.0498 489.2836 426.6748 489.2836 426.6748 483.62323 463.19824 483.62323 463.19824 541.0574 394.72656 541.0574 
Room path9313 293.39844 485.51 315.67383 485.51 315.67383 483.62323 353.70117 483.62323 353.70117 489.2836 359.32617 489.2836 359.32617 483.62323 393.1494 483.62323 393.1494 542.6395 421.49902 542.6395 421.49902 548.2999 423.75 548.2999 423.75 567.6248 404.32617 567.6248 404.32617 607.7732 358.9502 607.7732 358.9502 603.6213 354.1504 603.6213 354.1504 607.7732 293.39844 607.7732 293.39844 602.6435 289.64844 602.6435 289.64844 549.2826 293.39844 549.2826 293.39844 542.3398 289.64844 542.3398 289.64844 540.1533 287.40234 540.1533 287.40234 515.0206 289.64844 515.0206 289.64844 489.2836 293.39844 489.2836 
Room path9315 289.64844 610.4166 305.8496 610.4166 305.8496 609.5076 334.50195 609.5076 334.50195 610.4166 360.67383 610.4166 360.67383 609.5076 389.3994 609.5076 389.3994 610.4166 404.32617 610.4166 404.32617 668.3766 393.1494 668.3766 393.1494 725.8107 358.9502 725.8107 358.9502 722.0371 353.99902 722.0371 353.99902 725.8107 293.39844 725.8844 293.39844 722.11084 289.64844 722.11084 289.64844 697.1305 287.40234 697.1305 287.40234 671.9978 289.64844 671.9978 289.64844 669.8113 293.39844 669.8113 293.39844 662.8685 289.64844 662.8685 
Room path9317 405.89844 569.207 460.49805 569.207 460.49805 605.5867 427.34863 605.5867 427.34863 602.6435 420.44922 602.6435 420.44922 605.5867 405.89844 605.5867 
Room path9319 405.89844 607.1688 420.44922 607.1688 420.44922 609.58624 427.34863 609.58624 427.34863 607.1688 460.49805 607.1688 460.49805 643.2439 405.89844 643.2439 
Room path9321 394.72656 669.9636 431.0254 669.9636 431.0254 722.11084 420.37598 722.11084 420.37598 725.8844 394.72656 725.8107 
Room path9323 432.59766 669.9636 490.87402 669.9636 490.87402 722.11084 487.79785 722.11084 487.79785 725.8844 432.59766 725.8844 
Room path9325 492.45117 669.9636 552.2998 669.9636 552.2998 725.8844 494.62402 725.8844 494.62402 722.11084 492.45117 722.11084 
Room path9327 553.87695 669.9636 589.7998 669.9636 589.7998 725.8844 562.7246 725.8844 562.7246 720.9807 554.624 720.9807 554.624 725.8844 553.87695 725.8844 
Room path9329 591.2988 669.9636 627.749 669.9636 627.749 722.11084 622.5 722.11084 622.5 725.8844 591.2988 725.8844 
Room path9331 644.624 669.9636 702.4512 669.9636 702.4512 722.11084 689.84863 722.11084 689.84863 725.8844 644.624 725.8844 
Room path9333 704.02344 725.8844 704.02344 669.9636 741.8994 669.9636 741.8994 725.8844 
Room path9335 743.47656 669.9636 779.3262 669.9636 779.3262 725.8844 764.02344 725.8844 764.02344 722.11084 757.20215 722.11084 757.20215 725.8844 743.47656 725.8844 
Room path9337 780.89844 669.9636 823.7256 669.9636 823.7256 682.1885 845.77637 682.1885 845.77637 725.8107 831.37695 725.8844 831.37695 722.11084 824.5508 722.11084 824.5508 725.8844 780.89844 725.8844 
Room path9339 854.84863 682.1885 900.15137 682.1885 900.15137 669.9636 917.62695 669.9636 917.62695 725.8844 898.7256 725.8844 898.7256 722.11084 891.8994 722.11084 891.8994 725.8844 854.84863 725.8107 
Room path9341 919.1992 725.8844 919.1992 669.9636 955.0488 669.9636 955.0488 725.8844 
Room path9343 965.32715 644.5263 1001.6992 644.5263 1001.6992 666.56836 999.52637 666.56836 999.52637 725.8844 966.4502 725.8844 966.15234 722.11084 956.626 722.11084 956.626 669.9636 965.32715 669.9636 
Hallway path9455 1019.3994 635.2447 1035.5273 635.2447 1035.5273 663.2468 1032.6758 663.2468 1032.6758 725.4324 1000.874 725.4324 1000.874 667.9245 1003.3496 667.9245 1003.3496 635.2447 1019.3994 635.2447 
Room path9457 991.57715 535.2447 1035.5273 535.2447 1035.5273 542.6395 1031.0986 542.6395 1031.0986 548.9043 1035.5273 548.9043 1035.5273 578.94556 991.57715 578.94556 
Room path9459 991.57715 533.7362 991.57715 490.03537 1035.5273 490.03537 1035.5273 533.7362 
Room path9461 490.57617 610.0383 529.72656 610.0383 529.87305 668.3766 493.7256 668.3766 493.7256 663.8512 490.4248 663.8512 490.4248 610.0383 
Room path9463 490.4248 569.207 560.77637 569.207 560.69824 602.3388 554.7754 602.3388 554.7754 608.45123 493.7256 608.45123 493.7256 603.6213 490.4248 603.6213 
Room path9465 585.2246 569.207 639.8242 569.207 639.8242 605.36066 628.42285 605.36066 628.42285 603.6213 623.47656 603.6213 623.47656 605.36066 585.2246 605.36066 
Room path9467 641.32324 569.207 695.92285 569.207 695.92285 602.6435 689.84863 602.6435 689.84863 605.36066 641.32324 605.36066 
Hallway path9471 485.92285 516.6028 485.92285 492.0745 506.77734 492.0745 506.77734 485.73602 525.52734 485.73602 525.52734 541.0574 485.92285 541.0574 485.92285 516.6028 
Room path9473 318.1494 481.88876 318.1494 476.68042 315.67383 476.68042 315.67383 427.24548 318.1494 427.24548 318.1494 422.26315 315.67383 422.26315 315.67383 368.07684 363.90137 367.85083 408.1494 367.77222 417.22656 367.6985 417.14844 362.03812 454.7998 361.8121 454.7998 393.58295 462.22656 395.54834 462.22656 395.0963 463.50098 395.0963 463.50098 452.90387 462.22656 452.90387 462.22656 452.37814 455.0244 454.33862 455.0244 482.03616 
Room path9475 629.624 360.30365 794.5508 359.54697 794.47266 358.64288 831.8994 358.49057 831.8994 481.73642 762.0752 481.73642 762.0752 413.96423 759.5996 413.96423 759.5996 481.73642 629.624 481.73642 629.624 442.63953 640.874 442.63953 640.874 429.43198 629.624 429.43198 
Room path9477 903.1494 541.2097 903.1494 486.26178 957.5244 486.26178 957.5244 541.2097 
Room path9479 865.6494 541.2097 865.6494 486.26178 892.5 486.26178 892.5 490.03537 901.57715 490.03537 901.57715 541.2097 
Room path9481 753.1494 490.03537 763.42285 490.03537 763.42285 486.26178 825.15137 486.26178 825.15137 490.03537 831.0742 490.03537 831.0742 486.26178 864.07715 486.26178 864.07715 541.2097 753.1494 541.2097 
Room path9483 646.0498 486.26178 646.0498 541.2097 626.6992 541.2097 626.6992 486.26178 
Hallway path9555 669.22363 486.26178 690.15137 486.26178 690.15137 488.75293 691.4258 488.75293 691.4258 541.2097 648.374 541.2097 648.374 508.60358 657.14844 508.60358 657.14844 507.0165 648.374 507.0165 648.374 486.26178 669.22363 486.26178 
Hallway path9625 722.9248 486.26178 746.8506 486.26178 746.8506 515.168 731.25 515.168 731.25 516.7551 751.57715 516.7551 751.57715 541.2097 732.82715 541.2097 732.82715 534.94495 731.25 534.94495 731.25 541.2097 718.27637 541.2097 718.27637 527.6975 698.84766 527.6975 698.84766 486.26178 722.9248 486.26178 
Room path9627 697.5 644.3789 697.5 569.207 759.8242 569.207 759.8242 603.6213 758.1006 603.6213 758.1006 608.6036 759.8242 608.6036 759.8242 663.8512 758.1006 663.8512 758.1006 668.3766 695.77637 668.3766 695.77637 663.8512 690.75195 663.8512 690.75195 668.3766 641.32324 668.3766 641.32324 644.3789 
Room path9629 761.40137 569.207 823.7256 569.207 823.7256 668.3766 763.125 668.3766 763.125 663.8512 761.40137 663.8512 761.40137 608.6036 763.125 608.6036 763.125 603.6213 761.40137 603.6213 
Room path9631 825.29785 625.6584 861.2256 625.6584 861.2256 680.6014 825.29785 680.6014 825.29785 668.8286 830.47363 668.8286 830.47363 663.8512 825.29785 663.8512 
Room path9633 862.79785 625.6584 898.5742 625.6584 898.5742 663.8512 892.79785 663.8512 892.79785 668.8286 898.5742 668.8286 898.5742 680.6014 862.79785 680.6014 
Room path9635 825.29785 569.207 861.2256 569.207 861.2256 624.07623 825.29785 624.07623 825.29785 609.58624 831.60156 609.58624 831.60156 602.6435 825.29785 602.6435 
Room path9637 862.79785 569.207 898.5742 569.207 898.5742 602.6435 891.8994 602.6435 891.8994 609.58624 898.5742 609.58624 898.5742 624.07623 862.79785 624.07623 
Room path9639 900.15137 569.207 963.75 569.207 963.75 602.6435 959.24805 602.6435 959.24805 609.58624 963.75 609.58624 963.75 663.8512 960.0 663.8512 960.0 668.3766 900.15137 668.3766 
Hallway path9695 1019.24805 580.5277 1035.5273 580.5277 1035.5273 585.284 1037.998 585.284 1037.998 626.7148 1035.5273 626.7148 1035.5273 633.5839 1003.05176 633.5839 1003.05176 580.5277 1019.24805 580.5277 
Room path9697 485.92285 427.4715 524.624 427.4715 524.624 445.05698 494.02344 445.05698 494.02344 440.97876 485.92285 440.97876 
Hallway path9843 535.8008 446.63913 577.9492 446.63913 577.9492 481.73642 493.7256 481.73642 493.7256 446.63913 535.8008 446.63913 
Room path9845 834.44824 365.28104 933.22266 365.13364 1029.5996 364.98132 1029.5996 365.96402 1032.1484 365.8854 1032.1484 481.73642 834.44824 481.73642 834.44824 454.1126 840.6738 454.1126 840.07324 451.62146 833.39844 451.62146 833.39844 420.22406 840.6738 420.22406 840.6738 417.7378 834.44824 417.7378 
Room path9847 558.22266 403.8473 599.84863 403.8473 600.07324 430.2624 599.3994 430.2624 599.3994 445.05698 561.37695 445.05698 561.37695 436.83176 558.2226 436.83176 
Hallway path9899 481.42578 328.75394 506.54785 328.5279 506.8506 352.75647 498.22266 352.83014 498.22266 353.05615 485.77637 353.05615 485.69824 352.83014 480.07324 352.83014 480.15137 357.88617 459.5996 357.95987 459.5996 352.90384 456.4502 352.98245 456.37695 329.05856 481.42578 328.75394 
Room path9901 219.22363 335.171 253.34961 326.26276 263.47656 365.20734 219.15039 365.28104 219.07715 346.1134 219.44824 346.0397 219.75098 347.3221 222.22656 346.71777 
Room path9903 265.04883 365.13364 257.62695 336.60574 258.82324 336.60574 258.82324 327.3978 312.74902 327.17178 312.9004 364.90762 
Room path9905 314.24805 322.26315 362.25098 322.03714 362.32422 336.14877 363.07617 336.14877 361.12305 364.6816 360.75195 364.6816 360.75195 366.26376 315.22458 366.48978 315.22458 364.90762 314.47263 364.90762 
Room path9907 365.625 321.43277 412.57324 324.6806 411.37695 342.49213 407.99805 342.49213 408.07617 348.75687 412.20215 348.75687 412.20215 357.8862 408.07617 357.8862 408.1494 366.19006 363.90137 366.26376 363.90137 364.6816 362.7002 364.6816 
Room path9909 358.9502 242.1138 407.25098 241.88777 407.40234 271.92413 412.34863 271.85043 412.42676 287.54913 359.1748 287.84885 
Room path9911 358.7256 194.87029 411.97266 194.56564 412.20215 240.3007 358.9502 240.52672 
Room path9913 284.47266 195.17 303.5254 195.0963 303.59863 205.50806 284.55078 205.58667 284.55078 204.0733 283.7256 204.0733 283.7256 196.52614 284.47266 196.52614 
Room path9915 219.15039 166.33746 282.74902 166.03773 282.97363 207.16882 299.55078 207.09512 299.55078 214.64229 283.05176 214.71599 283.27637 270.26337 219.67285 270.568 
Room path9917 284.7754 258.33826 299.55078 258.26453 299.62402 270.18967 284.84863 270.26337 284.84863 268.15054 284.02344 268.15054 284.02344 260.60336 284.7754 260.60336 
Room path9919 835.8008 119.47228 922.5 119.02024 922.79785 188.75294 834.22363 189.2099 834.1504 173.13286 839.1748 173.05424 839.02344 152.15211 835.95215 152.15211 
Room path9921 950.1758 245.81367 998.62305 245.58273 998.7744 280.454 950.32715 280.68002 
Room path9923 949.7998 169.43298 1028.7012 169.05464 1028.7012 172.22878 1033.4229 172.15016 1033.7256 237.50983 998.5498 237.73584 998.5498 244.00058 950.1758 244.22661 
Room path9925 875.1758 308.15152 998.84766 307.47345 998.84766 361.6598 933.5254 361.96442 
Hallway path10091 231.22559 112.30346 244.7998 112.22484 245.02441 145.73506 248.10059 145.73506 248.02734 120.37637 250.49805 120.37637 250.4248 112.22484 277.20215 112.07744 277.2754 120.22405 282.9004 120.22405 282.82715 111.99882 309.67285 111.92512 309.75098 120.07665 315.37598 120.07665 315.29785 111.85141 342.0752 111.7728 342.14844 119.92433 347.77344 119.92433 347.7002 111.6991 374.55078 111.620476 374.55078 119.77201 380.17578 119.77201 380.17578 111.546776 407.25098 111.47307 407.32422 119.6246 412.2754 119.6246 412.34863 135.01868 385.87402 135.09236 386.0254 162.41647 212.9248 163.16824 212.9248 157.28183 217.87598 157.28183 217.87598 151.62144 212.85156 151.62144 212.7002 120.52869 217.72461 120.52869 217.65137 112.37715 231.22559 112.30346 
Hallway path10147 307.57324 232.75354 329.62402 232.67982 329.70215 256.22543 338.99902 256.22543 339.07715 270.03735 305.47363 270.18967 305.4004 256.67746 285.67383 256.7561 285.6006 232.90585 307.57324 232.75354 
Hallway path10199 285.52734 223.77162 285.52734 216.22444 303.30078 216.15074 303.30078 207.01651 305.17578 207.01651 305.09766 195.0963 307.05078 195.16998 336.82617 194.94397 336.8994 208.75587 329.47266 208.82957 329.62402 231.09276 285.6006 231.31879 285.52734 223.77162 
Hallway path10223 487.42676 442.4135 488.99902 442.4135 488.99902 463.77258 485.92285 463.77258 485.92285 462.49017 485.09766 462.49017 485.09766 443.62225 485.92285 443.62225 485.92285 442.4135 487.42676 442.4135 
Hallway path10251 487.34863 400.9827 488.84766 400.9827 488.84766 425.96304 485.92285 425.96304 485.92285 424.82803 485.09766 424.82803 485.09766 402.18652 485.92285 402.18652 485.92285 400.9827 487.34863 400.9827 
Room path10253 834.22363 191.69615 922.79785 191.2441 923.25195 279.24527 873.90137 279.4713 873.82324 264.98132 839.5508 265.13364 839.5508 263.54657 834.5996 263.54657 834.52637 250.41273 839.47266 250.33904 839.47266 244.67865 834.44824 244.75235 
Room path10255 1029.1504 307.32114 1029.5264 345.50903 1034.5508 345.50903 1034.624 358.71658 1029.5996 358.71658 1029.5996 361.50748 1000.49805 361.6598 1000.4248 307.47345 
Hallway path10317 1014.44824 239.1706 1028.8477 239.1706 1029.1504 305.73407 1000.4248 305.88638 1000.12695 239.2443 1014.44824 239.1706 
Room path10319 585.2246 606.9428 623.47656 606.9428 623.47656 608.6036 628.42285 608.6036 628.42285 606.9428 639.8242 606.9428 639.8242 668.3766 628.42285 668.3766 628.42285 663.8512 623.39844 663.8512 623.39844 668.3766 561.0742 668.3766 561.0742 663.8512 556.0498 663.8512 556.0498 668.3766 531.4502 668.3766 531.4502 610.0383 562.2754 610.0383 562.2754 569.207 583.65234 569.207 583.65234 606.9428 
Hallway path10633 795.29785 542.7919 965.32715 542.7919 965.32715 537.1315 959.10156 537.1315 959.10156 490.03537 965.47363 490.03537 965.47363 486.26178 990.0 486.26178 990.0 580.5277 1001.54785 580.5277 1001.54785 642.94415 965.32715 642.94415 965.32715 567.6248 625.2002 567.6248 625.2002 548.0739 624.90234 547.84784 624.67285 547.70044 624.375 547.3958 624.375 547.32214 624.30176 547.2435 624.22363 547.1698 624.22363 547.09607 624.1504 547.09607 624.07715 546.9438 624.07715 546.87006 623.999 546.79144 623.999 546.63916 623.9258 546.5654 623.9258 546.41315 623.84766 546.3394 623.84766 545.81366 623.75 545.9119 624.1504 545.6614 624.1504 544.831 794.3213 544.831 
Hallway path10755 476.69922 542.6395 527.0996 542.6395 527.0996 567.6248 488.84766 567.6248 488.84766 668.3766 426.37695 668.3766 426.37695 663.8512 421.34766 663.8512 421.34766 668.3766 405.89844 668.3766 405.89844 644.7523 462.0752 644.7523 462.0752 567.6248 425.32715 567.6248 425.32715 548.2999 426.37695 548.2999 426.37695 542.6395 476.69922 542.6395 
Hallway path10929 474.52637 391.01807 484.3506 391.01807 484.3506 540.97876 464.84863 540.97876 464.7754 482.03616 456.60156 482.03616 456.60156 456.98212 464.7754 456.98212 464.7754 391.01807 474.52637 391.01807 
Hallway path11091 437.0996 159.62067 453.07617 159.54697 453.9746 357.9599 417.14844 358.19083 417.0752 350.1867 422.0996 350.1867 422.02637 330.4884 413.7744 330.56702 414.30176 323.24588 396.52344 321.96344 396.37695 289.2099 416.8506 289.1313 416.69922 268.37656 421.72363 268.37656 421.6504 248.83058 416.62598 248.83058 416.32324 180.45401 421.2744 180.45401 421.20117 159.6993 437.0996 159.62068 
Hallway path11139 931.80176 119.02024 938.02734 118.94163 938.02734 120.22405 939.5996 120.22405 939.5996 118.94163 954.52637 118.86792 954.5996 130.18867 939.5996 130.26237 939.5996 129.05856 938.02734 129.05856 938.1006 130.26237 936.2256 130.26237 936.2256 131.84944 956.17676 131.77576 956.09863 118.867935 974.84863 118.79423 974.92676 130.11499 965.55176 130.18869 965.55176 131.69714 974.92676 131.69714 975.0 151.16942 943.125 151.32175 943.125 142.49214 941.54785 142.49214 941.626 151.32175 925.72266 151.39543 925.6494 131.92316 927.5244 131.92316 927.5244 130.341 925.6494 130.341 925.5762 119.02024 931.80176 119.02024 
Hallway path11197 987.00195 118.71561 997.2754 118.71561 997.2754 122.48919 1006.6504 122.41548 1006.6504 130.26237 1008.22266 130.26237 1008.1494 118.6419 1031.5479 118.6419 1031.6992 147.0961 1022.99805 147.1698 1022.99805 154.71696 1018.9502 154.71696 1018.9502 156.30403 1022.99805 156.30403 1023.0762 167.47249 1008.374 167.54616 1008.374 156.37773 1009.5752 156.30403 1009.5752 154.79066 1008.374 154.79066 1008.3008 145.3567 1006.72363 145.3567 1006.80176 151.01709 976.875 151.16942 976.80176 131.69713 986.17676 131.62343 986.17676 130.03636 976.80176 130.11497 976.72363 118.79422 987.00195 118.71561 
Hallway path11389 926.09863 217.5855 925.72266 152.9825 975.0 152.75648 975.07324 167.6985 948.22266 167.85083 948.75 282.26218 998.7744 282.03616 998.84766 305.88638 873.3008 306.49075 871.57715 308.37756 933.22266 365.13364 840.07324 365.28104 840.0 356.15173 831.8994 356.22543 831.8262 346.49173 839.92676 346.41312 839.92676 340.75275 834.375 340.75275 834.07715 273.8846 838.501 273.8109 838.42285 269.20694 839.624 269.20694 839.624 267.69852 840.2246 267.69852 840.2246 266.41608 870.07324 266.26376 870.07324 267.54617 869.5508 267.54617 869.624 282.64053 926.40137 282.3408 926.09863 217.5855 
Room path11391 999.30176 152.60416 1006.80176 152.60416 1006.875 167.54619 999.375 167.6248 999.375 165.8117 998.5498 165.8117 998.5498 154.56467 999.30176 154.56467 
Room path11393 976.875 152.75648 997.7246 152.60416 997.79785 165.28105 976.94824 165.35966 976.94824 165.8854 975.97656 165.8854 975.97656 154.64328 976.875 154.64328 
Hallway path11617 415.49805 132.14917 415.4248 127.771225 621.8262 126.793434 644.10156 84.679634 670.49805 98.791275 640.5762 155.54736 415.57617 156.60378 415.57617 149.73466 387.5244 149.887 387.45117 136.67944 415.49805 136.52711 415.49805 132.14917 
Hallway path11775 578.84766 387.54913 599.3994 387.54913 599.3994 402.33884 558.22266 402.33884 558.22266 387.54913 578.84766 387.54913 
Hallway path11981 471.4502 361.50748 486.2256 361.43375 486.37695 354.79068 498.22266 354.79068 498.22266 356.9035 556.34766 356.9035 556.4258 361.05542 625.4248 360.8294 625.2002 567.6248 527.0996 567.6248 527.0996 542.6395 579.67285 542.6395 579.67285 485.73602 579.52637 485.73602 579.67285 485.73602 579.52637 485.73602 579.52637 446.63913 599.3994 446.63913 599.3994 462.9422 604.64844 462.9422 604.64844 447.84787 600.89844 447.84787 600.89844 387.54913 556.6504 387.54913 556.6504 396.9831 493.05176 396.9831 493.05176 387.54913 484.3506 387.54913 484.3506 391.01807 456.60156 391.01807 456.6748 361.5861 471.4502 361.50748 
Hallway path12043 527.40234 425.88443 528.67676 425.88443 528.67676 398.86987 556.6504 398.86987 556.6504 438.1142 526.2012 438.1142 526.2012 425.88443 527.40234 425.88443 
Hallway path12113 510.8252 398.86987 528.67676 398.86987 528.67676 425.88443 493.05176 425.88443 493.05176 398.86987 510.8252 398.86987 
Hallway path12169 541.34766 439.69635 556.6504 439.69635 556.6504 445.05698 526.2012 445.05698 526.2012 439.69635 541.34766 439.69635 
Hallway path12203 491.17676 446.63913 492.14844 446.63913 492.14844 463.77258 490.2002 463.77258 490.2002 446.63913 491.17676 446.63913 
Hallway path12241 489.07715 465.35965 492.14844 465.35965 492.14844 485.3577 505.2002 485.51 505.2002 490.4137 486.00098 490.4137 486.00098 465.35965 489.07715 465.35965 
Hallway path12289 387.67578 172.45479 387.82715 179.31898 363.1494 179.31898 363.1494 178.79324 358.65234 178.79324 358.65234 181.5104 357.0752 181.5104 357.0752 181.13208 335.24902 181.2844 335.1758 165.8854 387.5977 165.50708 387.6758 172.45479 
Hallway path12469 309.82422 165.96404 335.17578 165.8854 335.24902 181.2844 357.0752 181.13208 357.0752 181.5104 358.65234 181.5104 358.65234 178.86694 363.1494 178.86694 363.1494 179.31898 387.82715 179.31898 387.59766 165.50708 387.5244 151.47406 406.80176 151.32173 406.94824 175.4717 410.69824 175.4717 410.77637 193.05719 358.7256 193.28322 358.7256 192.83116 357.14844 192.83116 357.5244 269.96362 356.62598 269.96362 356.62598 271.47208 357.5244 271.47208 357.59766 289.4359 395.09766 289.0576 395.09766 289.73566 395.77637 289.73566 395.8496 301.1301 395.17578 301.1301 395.24902 313.65958 395.8496 313.65958 395.92285 321.35907 395.24902 321.35907 395.24902 321.88483 364.19922 319.772 364.12598 321.20676 363.82324 321.20676 363.82324 320.455 312.67578 320.7547 312.74902 325.58472 257.25098 325.81073 257.25098 335.171 254.55078 324.602 242.40234 327.6975 242.32422 313.7382 241.12305 313.7382 241.12305 327.7712 221.17676 332.97955 221.02539 290.03537 240.97656 289.80936 241.0498 302.49115 242.32422 302.49115 242.25098 289.96167 243.37402 289.96167 243.37402 288.37952 219.82422 288.52692 219.67285 272.15015 283.27637 271.85043 283.27637 276.90643 284.84863 276.90643 284.84863 271.85043 339.07715 271.62442 339.07715 276.6018 340.6494 276.6018 340.6494 271.54578 345.37598 271.54578 345.37598 269.96362 340.6494 270.03735 340.57617 254.64328 331.2744 254.64328 331.12305 222.34178 340.4248 222.26317 340.4248 220.68102 331.12305 220.75471 331.12305 210.33804 340.35156 210.33804 340.27344 193.35692 284.47266 193.66156 284.32617 166.03773 309.82422 165.96404 
Hallway path12503 471.37695 287.92255 471.37695 288.00116 471.8994 288.00116 471.25 286.79245 481.72363 310.41666 481.2744 310.9424 481.25 309.43396 481.20117 309.96463 481.20117 309.51257 477.67578 309.51257 477.67578 295.9267 495.30273 295.84808 
Room path12505 458.70117 159.47327 479.1748 159.39465 479.24805 164.45067 484.87305 164.37697 484.87305 159.39465 555.89844 159.02122 555.97656 164.07724 561.60156 164.07724 561.52344 159.02122 582.14844 158.94261 582.14844 163.92491 587.77344 163.92491 587.77344 158.86891 658.87695 158.64288 658.87695 163.54659 664.4238 163.54659 664.4238 158.56427 684.9756 158.49057 685.0488 163.47287 690.6738 163.39426 690.6006 158.49057 761.77734 158.49057 761.77734 163.09453 767.40234 163.09453 767.40234 158.11223 787.9492 158.03851 787.9492 162.94221 793.5742 162.94221 793.5742 157.9599 830.92285 154.64328 830.92285 269.28067 832.79785 269.28067 832.79785 273.8846 834.07715 273.8846 834.375 340.75275 831.8262 340.83136 831.2988 357.20813 794.47266 357.43414 794.47266 351.32172 788.84766 351.32172 788.84766 356.37775 768.3007 356.53006 768.2226 351.47406 762.5976 351.47406 762.6757 355.9257 691.6503 357.8862 691.49896 351.84747 685.9521 351.84747 685.9521 356.9035 665.3271 356.98212 665.3271 351.9261 659.7753 351.9998 659.7753 356.37775 629.62396 356.30405 588.6767 356.75607 588.6767 352.29953 583.0517 352.37814 583.0517 357.36044 562.49994 357.50784 562.4267 352.45184 561.3769 352.45184 562.4267 352.45184 509.3261 352.75647 509.02338 326.03674 456.29877 326.4888 456.22552 301.58707 457.27533 301.58707 457.34857 303.0169 457.57318 304.45163 456.25 301.88678 458.8476 303.3952 459.74603 302.3388 458.75 303.14465 458.09564 302.19138 457.64154 302.19138 458.09567 302.11276 442.87103 302.19138 442.27045 178.7195 445.41986 178.7195 
Hallway path12599 636.2256 670.9414 643.05176 670.9414 643.05176 725.8844 629.3262 725.8844 629.3262 670.9414 636.2256 670.9414 
Hallway path12675 850.27344 682.1885 853.27637 682.1885 853.27637 725.8107 847.34863 725.8107 847.34863 682.1885 850.27344 682.1885 
Hallway path12715 693.3008 729.20593 711.6748 729.20593 711.6748 739.092 707.9248 739.092 707.9248 742.86554 678.59863 742.86554 678.59863 739.092 674.84863 739.092 674.84863 729.20593 693.3008 729.20593 
Hallway path12739 634.50195 431.01904 639.30176 431.01904 639.30176 441.05737 629.624 441.05737 629.624 431.01904 634.50195 431.01904 
Room path12741 527.0996 485.73602 555.75195 485.73602 555.75195 489.2836 561.37695 489.2836 561.37695 485.73602 579.67285 485.73602 579.67285 542.6395 527.0996 542.6395 
Room path12743 641.32324 606.9428 689.84863 606.9428 689.84863 609.58624 695.8496 609.58624 695.8496 642.7919 641.32324 642.7919 
Room path14255 19.799805 663.6989 19.799805 653.36084 40.424805 653.36084 40.424805 663.6989 
Hallway path14347 19.799805 672.6022 19.799805 667.39386 40.424805 667.39386 40.424805 677.81055 19.799805 677.81055 19.799805 672.6022 
Room path14463 19.799805 691.84845 19.799805 681.5104 40.424805 681.5104 40.424805 691.84845 
Hallway path14625 19.799805 700.75665 19.799805 695.54834 40.424805 695.54834 40.424805 705.9601 19.799805 705.9601 19.799805 700.75665 
Room path14749 19.799805 719.99805 19.799805 709.66 40.424805 709.66 40.424805 719.99805 
Hallway path14949 19.799805 728.90625 19.799805 723.6979 40.424805 723.6979 40.424805 734.03595 19.799805 734.03595 19.799805 728.90625 
